2000 03 26 20.251 30.55 22.16 2.64 2.10279432624113 4.6 0 1 0
2000 03 27 18.968 29.8 22.27 2.61 2.10279432624113 0.2 0 1 0
2000 03 28 20.298 30.47 21.43 2.57 2.10279432624113 26.1 0 1 0
2000 03 29 19.871 26.97 20.41 2.32 2.10279432624113 0.2 0 1 0
2000 03 30 21.129 28.56 18.75 2.36 2.10279432624113 0 0 1 0
2000 03 31 12.462 26.86 21.68 2.57 2.10279432624113 24 0 1 0
2000 04 01 21.078 28.73 21.51 2.56 2.10279432624113 6.6 0 1 0
2000 04 02 12.138 28.77 22.46 2.62 2.10279432624113 3.6 0 1 0
2000 04 03 23.17 29.7 21.72 2.57 2.10279432624113 0.2 0 1 0
2000 04 04 9.977 28.84 21.43 2.58 2.10279432624113 1.8 0 1 0
2000 04 05 10.147 25.5 19.55 2.42 2.10279432624113 4.6 0 1 0
2000 04 06 22.069 29.63 19.78 2.51 2.10279432624113 0.4 0 1 0
2000 04 07 23.167 31.35 21.95 2.59 2.10279432624113 0.2 0 1 0
2000 04 08 15.246 30.78 21.435 2.575 2.10279432624113 26.6 0 4 0
2000 04 09 21.294 30.21 20.92 2.56 2.10279432624113 0 0 1 0
2000 04 10 23.569 31.1 21.89 2.54 2.10279432624113 0 0 1 0
2000 04 11 23.72 31.48 21.89 2.52 2.10279432624113 6.2 0 1 0
2000 04 12 15.636 28.65 21.64 2.64 2.10279432624113 0.6 0 1 0
2000 04 13 22.185 30.61 21.74 2.63 2.10279432624113 0.6 0 1 0
2000 04 14 18.491 29.95 22.75 2.66 2.10279432624113 0 0 1 0
2000 04 15 21.915 30.05 21.63 2.65 2.10279432624113 0.4 0 1 0
2000 04 16 11.734 26.61 22.71 2.75 2.10279432624113 28.5 0 1 0
2000 04 17 17.7 28.72 22.05 2.68 2.10279432624113 0 0 1 0
2000 04 18 14.549 29.48 22.02 2.65 2.10279432624113 5.4 0 1 0
2000 04 19 9.655 26.32 21.9 2.69 2.10279432624113 25.3 0 1 0
2000 04 20 6.834 25.27 21.76 2.56 2.10279432624113 1.6 0 1 0
2000 04 21 17.42 28.12 22.23 2.54 2.10279432624113 0.8 0 1 0
2000 04 22 18.046 29.15 22.92 2.61 2.10279432624113 0.2 0 1 0
2000 04 23 9.947 27.32 22.78 2.63 2.10279432624113 0.4 0 1 0
2000 04 24 7.353 25.83 22.55 2.74 2.10279432624113 18 0 1 0
2000 04 25 21.667 29.99 20.86 2.61 2.10279432624113 0.2 0 1 0
2000 04 26 19.927 29.39 22.6 2.7 2.10279432624113 14 0 1 0
2000 04 27 15.507 29.15 21.59 2.65 2.10279432624113 0.6 0 1 0
2000 04 28 16.746 29.54 21.37 2.63 2.10279432624113 0.2 0 1 0
2000 04 29 17.853 30.16 20.85 2.58 2.10279432624113 2.2 0 1 0
2000 04 30 20.085 29.9 21.3 2.59 2.10279432624113 3.4 0 1 0
2000 05 01 18.662 30.02 21.9 2.66 2.25 0 0 0 0
2000 05 02 16.429 28.8 21.72 2.57 2.67 0 0 0 0
2000 05 03 18.361 30.25 21.42 2.62 1.63 1.4 0 0 0
2000 05 04 17.504 30.06 21.53 2.63 1.65 9.2 0 0 0
2000 05 05 21.508 30.95 21.93 2.62 1.51 0 0 0 0
2000 05 06 5.942 24.79 21.17 2.51 3.38 0.2 0 0 0
2000 05 07 11.08 25.48 18.97 2.33 2.22 0 0 0 0
2000 05 08 13.111 26.73 20.8 2.5 2.46 0 0 0 0
2000 05 09 18.138 28.57 21.59 2.51 2.42 0 0 0 0
2000 05 10 17.847 29.01 22.01 2.55 2.89 0 0 0 0
2000 05 11 17.276 28.4 22.19 2.49 2.41 0 0 0 0
2000 05 12 18.94 30.27 21.37 2.54 1.6 0 0 0 0
2000 05 13 12.984 29.82 21.84 2.65 1.34 0.2 0 0 0
2000 05 14 16.874 30.135 21.06 2.56 1.71 1.6 0 3 0
2000 05 15 20.791 30.45 20.28 2.47 1.83 0 0 0 0
2000 05 16 13.03 29.57 21.66 2.66 1.45 6.4 0 0 0
2000 05 17 16.451 30.04 20.01 2.53 2.89 15.9 0 0 0
2000 05 18 18.352 24.57 18.69 1.76 4.43 0 0 0 0
2000 05 19 21.159 26.86 17.53 1.95 2.54 0 0 0 0
2000 05 20 21.054 27.19 17.46 2.02 2.48 0.2 0 0 0
2000 05 21 18.276 27.68 19.84 2.17 2.1 0 0 0 0
2000 05 22 20.219 29.04 19.64 2.21 1.65 0.2 0 0 0
2000 05 23 18.437 29.66 20.01 2.32 1.94 0.2 0 0 0
2000 05 24 18.624 30.54 21.82 2.42 1.95 0 0 0 0
2000 05 25 19.0773333333333 30.6333333333333 21.4866666666667 2.41333333333333 1.6 0 0 4 0
2000 05 26 19.5306666666667 30.7266666666667 21.1533333333333 2.40666666666667 1.85 0 0 4 0
2000 05 27 19.984 30.82 20.82 2.4 1.56 0 0 0 0
2000 05 28 17.726 29.93 19.59 2.31 1.3 0 0 0 0
2000 05 29 20.369 30.35 18.97 2.14 1.44 0 0 0 0
2000 05 30 20.687 30.54 18.29 2.05 0.92 0 0 0 0
2000 05 31 20.387 30.61 18.46 2.03 1.18 0.2 0 0 0
2000 06 01 18.799 29.85 18.05 2.13 1.58 0 0 0 0
2000 06 02 18.046 30.41 19.44 2.19 1.56 0 0 0 0
2000 06 03 16.234 29.88 20.16 2.4 1.76 0 0 0 0
2000 06 04 17.216 30.84 20.75 2.44 1.32 0 0 0 0
2000 06 05 14.659 30.65 21.33 2.45 1.57 0 0 0 0
2000 06 06 16.524 29.82 19.95 2.3 1.96 0 0 0 0
2000 06 07 18.102 29.99 18.29 2.03 2 0 0 0 0
2000 06 08 19.797 30.55 17.49 1.99 1.52 0 0 0 0
2000 06 09 18.223 30.68 18.32 2.08 1.51 0 0 0 0
2000 06 10 19.786 31.13 18.83 2.06 1.28 0 0 0 0
2000 06 11 20.048 31.46 18.24 2.01 1.16 0 0 0 0
2000 06 12 19.855 31.35 18.15 2.11 1.57 0 0 0 0
2000 06 13 15.929 30.63 20.18 2.32 1.72 0 0 0 0
2000 06 14 17.873 31.5 20.23 2.33 2 0 0 0 0
2000 06 15 16.676 30.19 20.93 2.46 2.02 0.8 0 0 0
2000 06 16 15.424 30.41 21.54 2.45 1.85 0 0 0 0
2000 06 17 17.883 30.8 20.17 2.32 2.58 0 0 0 0
2000 06 18 9.384 23.25 18.88 2.15 3.85 0.2 0 0 0
2000 06 19 8.777 22.21 17.56 2.03 3.32 0 0 0 0
2000 06 20 8.78 21.8 17.5 1.95 3.51 0.2 0 0 0
2000 06 21 14.799 24.25 15.77 1.83 4.05 0 0 0 0
2000 06 22 19.737 28.84 15.37 1.85 2.12 0 0 0 0
2000 06 23 19.153 29.99 17.48 2.07 1.64 0.2 0 0 0
2000 06 24 15.305 29.42 19.65 2.32 1.7 0 0 0 0
2000 06 25 15.224 30.44 20.1 2.42 1.81 27.9 0 0 0
2000 06 26 13.059 29.71 20.25 2.44 1.04 0.6 0 0 0
2000 06 27 17.693 30.76 19.89 2.13 1.28 0 0 0 0
2000 06 28 18.448 30.66 18.46 2.1 2.14 0.2 0 0 0
2000 06 29 19.421 31.96 20.05 2.18 2.54 0 0 0 0
2000 06 30 12.765 30.41 20 2.36 1.11 0 0 0 0
2000 07 01 14.782 31.81 20.84 2.42 1.69 1.8 0 0 0
2000 07 02 14.433 30.61 20.92 2.4 1.73 0 0 0 0
2000 07 03 14.436 29.9 20.24 2.41 1.97 1.2 0 0 0
2000 07 04 16.784 27.61 20.78 2.24 3.29 0 0 0 0
2000 07 05 19.188 30.34 18.71 1.96 2.48 0 0 0 0
2000 07 06 20.198 30.18 17.52 1.7 1.09 0.2 0 0 0
2000 07 07 15.474 29.14 17.13 1.91 1.79 0 0 0 0
2000 07 08 14.543 30.26 19.38 2.2 2.05 0 0 0 0
2000 07 09 7.8 25.92 20.82 2.46 2.29 27.7 0 0 0
2000 07 10 16.325 29.76 20.43 2.4 2.27 0.2 0 0 0
2000 07 11 8.685 28.17 16.1 2.14 3.48 2.6 0 0 0
2000 07 12 13.953 15.87 10.04 1.16 7.33 0 0 0 0
2000 07 13 17.933 21.58 11.34 1.11 6.32 0.2 0 0 0
2000 07 14 20.227 24.25 12.01 1.15 3.39 0 0 0 0
2000 07 15 20.352 27.23 13.78 1.58 1.48 0 0 0 0
2000 07 16 15.821 27.64 17.25 1.86 2.09 0 0 0 0
2000 07 17 20.556 27.92 17.16 1.56 2.68 0 0 0 0
2000 07 18 20.464 29.83 15.56 1.8 1.19 0 0 0 0
2000 07 19 16.85 29.74 18.8 1.97 2.9 0 0 0 0
2000 07 20 18.878 27.45 19.3 1.66 3.37 0 0 0 0
2000 07 21 16.14 28.81 15.62 1.87 1.73 0 0 0 0
2000 07 22 15.667 29.7 19.61 2.25 1.87 0.2 0 0 0
2000 07 23 10.324 24.43 16.27 1.96 4.3 0 0 0 0
2000 07 24 20.869 24.07 13.96 1.2 4.66 0 0 0 0
2000 07 25 21.027 29.47 12.78 1.36 1.85 0 0 0 0
2000 07 26 20.781 30.5 18.92 1.47 2.75 0 0 0 0
2000 07 27 19.914 31.47 16 1.61 1.9 0 0 0 0
2000 07 28 20.585 32.62 19.12 1.77 1.93 0 0 0 0
2000 07 29 15.979 31.73 21.05 1.96 2.19 0.6 0 0 0
2000 07 30 12.68 30.79 20.32 2.16 2.22 0.4 0 0 0
2000 07 31 17.479 31.05 19.32 2.2 1.85 0 0 0 0
2000 08 01 20.836 30.71 19.09 2.2 2.38 0 0 0 0
2000 08 02 18.378 31.09 19.81 2.27 1.9 0.2 0 0 0
2000 08 03 17.074 31.46 21.3 2.29 2.16 9.4 0 0 0
2000 08 04 19.886 29.92 21.59 2.31 4.01 0 0 0 0
2000 08 05 18.233 30.98 18.8 2.25 2.22 10.6 0 0 0
2000 08 06 17.619 30.17 21.37 2.37 2.03 1.2 0 0 0
2000 08 07 14.48 29.835 20.945 2.375 2.23 33.9 0 3 0
2000 08 08 11.794 29.5 20.52 2.38 1.85 0 0 0 0
2000 08 09 12.633 30.03 20.38 2.34 2.07 0 0 0 0
2000 08 10 15.426 30.61 20.41 2.34 2.4 29.9 0 0 0
2000 08 11 4.546 23 17.02 2.18 4.18 0.4 0 0 0
2000 08 12 7.61 19.71 14.72 1.57 4.18 0 0 0 0
2000 08 13 22.119 27.84 13.67 1.76 1.66 0 0 0 0
2000 08 14 21.651 30.31 17.72 2.1 1.35 0.2 0 0 0
2000 08 15 20.361 31.27 19.44 2.22 1.38 0 0 0 0
2000 08 16 19.957 31.88 21.27 2.29 1.61 0.2 0 0 0
2000 08 17 18.95 31.45 20.92 2.38 1.46 0 0 0 0
2000 08 18 20.356 32.31 20.56 2.29 1.69 0 0 0 0
2000 08 19 21.307 32.86 20.6 2.08 1.67 0 0 0 0
2000 08 20 15.729 32.73 19.38 1.97 1.34 0 0 0 0
2000 08 21 20.436 32.61 19.55 1.93 1.65 0.2 0 1 0
2000 08 22 21.379 33.48 18.53 1.89 1.56 0 0 1 0
2000 08 23 20.827 33.1 18.37 1.85 1.23 0 0 0 0
2000 08 24 20.865 33.75 20.19 1.985 1.13 0 0 1 0
2000 08 25 18.762 32.58 19.81 2.12 2.04 0 0 0 0
2000 08 26 19.896 33.32 21.28 2.3 2.3 0 0 0 0
2000 08 27 19.362 33.1 22.16 2.3 3.08 0 0 0 0
2000 08 28 20.473 32.64 22.25 2.24 3.17 0.2 0 0 0
2000 08 29 19.037 32.98 21.25 2.22 2.16 0 0 0 0
2000 08 30 18.712 33.43 21.31 2.19 2.27 0 0 0 0
2000 08 31 19.3 34.34 22.59 2.24 2.02 29.1 0 0 0
2000 09 01 13.431 31.54 21.49 2.5 1.82 0.2 0 0 0
2000 09 02 14.8625 27.72 20.59 2.335 2.21 49.5 0 4 0
2000 09 03 16.294 23.9 19.69 2.17 3.79 10.4 0 0 0
2000 09 04 22.356 29.16 19.21 2.14 2.08 0 0 0 0
2000 09 05 18.053 30.55 19.77 2.27 1.38 0 0 0 0
2000 09 06 16.387 31.66 22.23 2.33 1.98 0.2 0 0 0
2000 09 07 18.774 31.32 21.22 2.4 2.54 0 0 0 0
2000 09 08 19.639 31.57 21.84 2.34 2.15 0 0 0 0
2000 09 09 22.31 33.07 22.76 2.31 3.4 0 0 0 0
2000 09 10 19.16 32.87 22.88 2.39 3.14 29.7 0 0 0
2000 09 11 20.574 32.71 21.82 2.41 2.5 0 0 0 0
2000 09 12 15.104 29.1 23.26 2.55 3.16 0 0 0 0
2000 09 13 16.578 30.66 21.86 2.5 2.3 0 0 0 0
2000 09 14 19.699 28.835 21.595 2.5 1.82 1 0 3 0
2000 09 15 10.447 27.01 21.33 2.5 3.07 15.6 0 0 0
2000 09 16 9.216 23.53 19.99 2.16 2.97 0.6 0 0 0
2000 09 17 22.452 30.4 18.43 2.17 1.97 0.2 0 0 0
2000 09 18 22.064 31.73 21.03 2.37 1.69 0 0 0 0
2000 09 19 19.891 31.365 20.3 2.375 1.96 0.4 0 3 0
2000 09 20 21.353 31 19.57 2.38 1.34 0.2 0 0 0
2000 09 21 19.246 31.55 21.49 2.42 1.74 0 0 0 0
2000 09 22 21.432 32.14 22.04 2.38 2.07 0 0 0 0
2000 09 23 17.635 31.37 21.16 2.41 1.74 0 0 0 0
2000 09 24 14.542 27.58 20.8 2.27 2.65 15.4 0 3 0
2000 09 25 8.952 23.79 20.44 2.13 3.77 29.9 0 0 0
2000 09 26 23.871 27.33 18.29 1.43 4.92 0 0 0 0
2000 09 27 23.312 28.8 19.61 1.47 3.11 0 0 0 0
2000 09 28 20.816 31.2 19.44 1.93 1.37 0 0 0 0
2000 09 29 19.966 30.82 21.25 2.32 1.89 0 0 0 0
2000 09 30 18.261 30.2366666666667 21.2533333333333 2.31 1.74 0.4 0 3 0
2000 10 01 23.358 29.6533333333333 21.2566666666667 2.3 1.53 0.2 0 3 0
2000 10 02 18.272 29.07 21.26 2.29 3.26 0 0 0 0
2000 10 03 20.042 29.86 20.97 2.34 3.07 0.2 0 0 0
2000 10 04 15.995 29.67 21.39 2.32 2.26 0 0 0 0
2000 10 05 9.785 27.66 20.31 2.44 1.61 0.2 0 0 0
2000 10 06 17.029 30.28 21.11 2.46 1.62 19.7 0 0 0
2000 10 07 20.663 31.135 21.28 2.435 1.87 0.6 0 3 0
2000 10 08 20.015 31.99 21.45 2.41 1.95 7.8 0 0 0
2000 10 09 23.101 31.73 21.29 2.42 1.93 0.2 0 0 0
2000 10 10 15.776 31.43 22.5 2.47 1.87 0.2 0 0 0
2000 10 11 21.905 31.83 21.96 2.45 1.89 0 0 0 0
2000 10 12 24.12 33.03 22.34 2.42 2.07 0 0 0 0
2000 10 13 23.865 33.29 22.52 2.41 2.02 0.2 0 0 0
2000 10 14 21.34 32.3733333333333 22.2366666666667 2.44333333333333 1.93 18.9 0 3 0
2000 10 15 18.989 31.4566666666667 21.9533333333333 2.47666666666667 2.55 3.8 0 3 0
2000 10 16 16.465 30.54 21.67 2.51 1.77 0 0 0 0
2000 10 17 20.058 32.51 21.38 2.23 2.36 0.4 0 0 0
2000 10 18 19.928 32.8 21.17 2.31 1.88 0.2 0 0 0
2000 10 19 22.773 32.69 21.66 2.44 1.8 0.2 0 0 0
2000 10 20 20.221 32.94 23.07 2.6 1.8 1.6 0 0 0
2000 10 21 19.182 31.57 22.17 2.6 2.03 0 0 0 0
2000 10 22 19.688 31.47 22.09 2.61 2.47 25.5 0 0 0
2000 10 23 21.047 32.56 22.5 2.56 2.62 2.2 0 0 0
2000 10 24 9.74 26.73 22.74 2.62 2.48 10.9 0 0 0
2000 10 25 19.393 29.93 22.57 2.63 2.04 0.2 0 0 0
2000 10 26 14.634 29.52 22.82 2.65 2.02 0 0 0 0
2000 10 27 19.667 32.09 22.11 2.6 1.72 45.7 0 0 0
2000 10 28 10.718 27.59 22.05 2.63 2.46 32.2 0 0 0
2000 10 29 15.345 27.44 21.8 2.67 2.35 30 0 0 0
2000 10 30 12.816 27.65 22.16 2.69 1.44 47 0 0 0
2000 10 31 14.22 29.67 22.57 2.71 2.05 13.9 0 0 0
2000 11 01 9.532 27.4 22.09 2.61 2.55 21.7 0 0 0
2000 11 02 15.297 29.33 22.07 2.59 1.76 0 0 0 0
2000 11 03 9.573 26.41 22.67 2.68 2.15 20.2 0 0 0
2000 11 04 14.332 28.46 22.27 2.56 1.77 0 0 0 0
2000 11 05 18.133 30.31 22.62 2.62 2 0.2 0 0 0
2000 11 06 19.367 29.72 20.88 2.62 3.43 31.1 0 0 0
2000 11 07 20.127 29.41 20.25 2.47 2.65 0.2 0 0 0
2000 11 08 18.691 28.9066666666667 20.9633333333333 2.52 1.57 0 0 3 0
2000 11 09 25.088 28.4033333333333 21.6766666666667 2.57 2.15 0 0 3 0
2000 11 10 12.552 27.9 22.39 2.62 2.56 0.2 0 0 0
2000 11 11 24.251 31.76 22.04 2.63 2.58 0 0 0 0
2000 11 12 20.201 31.3 22.93 2.71 3.5 0 0 0 0
2000 11 13 23.097 32.05 21.46 2.57 4.16 33.2 0 0 0
2000 11 14 13.074 27.79 20.74 2.44 2.35 7 0 0 0
2000 11 15 14.921 27.07 21.01 2.47 2.83 0.4 0 0 0
2000 11 16 16.449 24.72 19.42 2.08 4.05 0 0 0 0
2000 11 17 23.206 29.78 20.41 2.31 3.21 0 0 0 0
2000 11 18 20.968 29.16 22.04 2.54 3.1 0.2 0 0 0
2000 11 19 20.48 29.66 21.39 2.57 2.79 2.6 0 0 0
2000 11 20 16.063 28.69 22.11 2.6 2.79 3.4 0 0 0
2000 11 21 11.493 28.09 21.2 2.52 2.65 10.6 0 0 0
2000 11 22 17.213 27.52 20.34 2.43 1.92 0.8 0 0 0
2000 11 23 23.393 30.69 21.8 2.53 1.77 11.2 0 0 0
2000 11 24 20.332 30.77 21.98 2.50666666666667 1.93 0.8 0 3 0
2000 11 25 12.982 30.85 22.16 2.48333333333333 1.72 4.2 0 3 0
2000 11 26 24.448 30.93 22.34 2.46 2.6 1.4 0 0 0
2000 11 27 11.916 27.44 22.2 2.69 2.27 10.9 0 0 0
2000 11 28 18.835 29.71 21.38 2.51 1.57 0 0 0 0
2000 11 29 18.988 30.8 22.69 2.55 1.85 0 0 0 0
2000 11 30 16.43 30.25 21.88 2.57 1.75 30.3 0 0 0
2000 12 01 21.226 29.9 21.91 2.63 2.10279432624113 2.8 0 1 0
2000 12 02 20.563 30.5 22.77 2.58 2.10279432624113 0.2 0 1 0
2000 12 03 15.761 30.03 22.33 2.6 2.10279432624113 10.9 0 1 0
2000 12 04 18.776 30.41 22.01 2.61 2.10279432624113 6.2 0 1 0
2000 12 05 13.382 29.34 22.05 2.57 2.10279432624113 9.8 0 1 0
2000 12 06 13.994 28.16 21.7 2.49 2.10279432624113 0 0 1 0
2000 12 07 23.331 30.88 22.45 2.6 2.10279432624113 0.2 0 1 0
2000 12 08 7.36 26.34 22.26 2.65 2.10279432624113 33.1 0 1 0
2000 12 09 16.449 29.57 21.84 2.61 2.10279432624113 2.2 0 1 0
2000 12 10 11.458 28.45 22.11 2.66 2.10279432624113 3.8 0 1 0
2000 12 11 16.778 28.93 22.81 2.7 2.10279432624113 12 0 1 0
2000 12 12 17.964 29.49 23.01 2.66 2.10279432624113 0 0 1 0
2000 12 13 15.876 29.56 22.86 2.68 2.10279432624113 2.6 0 1 0
2000 12 14 19.533 28.77 23.11 2.63 2.10279432624113 1.4 0 1 0
2000 12 15 5.189 25.2 22.33 2.56 2.10279432624113 51.4 0 1 0
2000 12 16 13.667 29.57 22.19 2.54 2.10279432624113 15.2 0 1 0
2000 12 17 28.188 29.01 22.01 2.11 2.10279432624113 0 0 1 0
2000 12 18 29.739 30.59 17.07 1.74 2.10279432624113 0 0 1 0
2000 12 19 24.263 31.07 18.87 1.99 2.10279432624113 0 0 1 0
2000 12 20 20.315 31.01 21.46 2.31 2.10279432624113 0.2 0 1 0
2000 12 21 18.293 30.555 22.015 2.435 2.10279432624113 1.6 0 6 1
2000 12 22 16.271 30.1 22.57 2.56 2.10279432624113 3 0 1 0
2000 12 23 18.695 31.56 21.42 2.58 2.10279432624113 6.8 0 1 0
2000 12 24 25.814 32.07 22.39 2.51 2.10279432624113 2.4 0 1 0
2000 12 25 23.756 30.43 23.06 2.65 2.10279432624113 12.8 0 1 0
2000 12 26 18.767 29.64 23.2 2.68 2.10279432624113 3.8 0 1 0
2000 12 27 19.528 28.88 22.18 2.56 2.10279432624113 18.5 0 1 0
2000 12 28 25.53 31.46 21.01 2.51 2.10279432624113 0 0 1 0
2000 12 29 20.978 30.63 22.23 2.54 2.10279432624113 0.2 0 1 0
2000 12 30 13.422 29.5 20.5 2.48 2.10279432624113 4.2 0 1 0
2000 12 31 16.155 29.54 21.28 2.51 2.10279432624113 16.8 0 1 0
2001 01 01 15.715 28.82 20.07 2.36 2.10279432624113 0.2 0 1 0
2001 01 02 18.708 28.7221428571429 20.0135714285714 2.36285714285714 2.10279432624113 46.6 0 4 0
2001 01 03 13.566 28.6242857142857 19.9571428571429 2.36571428571429 2.10279432624113 2.4 0 4 0
2001 01 04 11.689 28.5264285714286 19.9007142857143 2.36857142857143 2.10279432624113 1.2 0 4 0
2001 01 05 11.758 28.4285714285714 19.8442857142857 2.37142857142857 2.10279432624113 6.2 0 4 0
2001 01 06 9.981 28.3307142857143 19.7878571428571 2.37428571428571 2.10279432624113 9.2 0 4 0
2001 01 07 23.261 28.2328571428571 19.7314285714286 2.37714285714286 2.10279432624113 0.4 0 4 0
2001 01 08 14.862 28.135 19.675 2.38 2.10279432624113 1.6 0 4 0
2001 01 09 3.066 28.0371428571429 19.6185714285714 2.38285714285714 2.10279432624113 48.6 0 4 0
2001 01 10 19.08 27.9392857142857 19.5621428571429 2.38571428571429 2.10279432624113 0.2 0 4 0
2001 01 11 10.812 27.8414285714286 19.5057142857143 2.38857142857143 2.10279432624113 42 0 4 0
2001 01 12 22.86 27.7435714285714 19.4492857142857 2.39142857142857 2.10279432624113 0 0 4 0
2001 01 13 6.077 27.6457142857143 19.3928571428571 2.39428571428571 2.10279432624113 13 0 4 0
2001 01 14 19.87 27.5478571428571 19.3364285714286 2.39714285714286 2.10279432624113 0.4 0 4 0
2001 01 15 15.9 27.45 19.28 2.4 2.10279432624113 17.2 0 1 0
2001 01 16 9.547 25.69 21.25 2.48 2.10279432624113 26.4 0 1 0
2001 01 17 15.785 27.6 21.75 2.44 2.10279432624113 0 0 1 0
2001 01 18 16.091 28.11 20.82 2.49 2.10279432624113 34.1 0 1 0
2001 01 19 18.596 28.25 20.35 2.46 2.10279432624113 8.6 0 1 0
2001 01 20 11.851 25.82 21.2 2.4 2.10279432624113 7.4 0 1 0
2001 01 21 21.681 29.64 21.13 2.37 2.10279432624113 0 0 1 0
2001 01 22 21.253 28.09 22.07 2.45 2.10279432624113 0 0 1 0
2001 01 23 15.505 26.83 21.41 2.58 2.10279432624113 11.2 0 1 0
2001 01 24 22.006 30.61 22.06 2.52 2.10279432624113 4.8 0 1 0
2001 01 25 15.75 27.86 21.84 2.58 2.10279432624113 6.8 0 1 0
2001 01 26 17.388 28.92 22.33 2.57 2.10279432624113 6 0 1 0
2001 01 27 27.141 30.56 22.52 2.54 2.10279432624113 0.8 0 1 0
2001 01 28 24.702 30.29 23.12 2.48 2.10279432624113 0 0 1 0
2001 01 29 23.375 30.04 22.84 2.6 2.10279432624113 0.4 0 1 0
2001 01 30 18.527 23.95 17.54 2.12 2.10279432624113 31.2 0 1 0
2001 01 31 11.491 23.28 18.98 2.05 2.10279432624113 19.9 0 1 0
2001 02 01 15.243 23.3 18.77 2.02 2.10279432624113 0.4 0 1 0
2001 02 02 16.394 22.7666666666667 18.1566666666667 1.97666666666667 2.10279432624113 3 0 4 0
2001 02 03 18.856 22.2333333333333 17.5433333333333 1.93333333333333 2.10279432624113 5.4 0 4 0
2001 02 04 15.102 21.7 16.93 1.89 2.10279432624113 10.6 0 1 0
2001 02 05 21.052 24.89 16.78 1.97 2.10279432624113 0.2 0 1 0
2001 02 06 22.824 27.135 18.58 2.245 2.10279432624113 2.4 0 4 0
2001 02 07 16.652 29.38 20.38 2.52 2.10279432624113 0.6 0 1 0
2001 02 08 23.289 29.475 21.34 2.555 2.10279432624113 2 0 4 0
2001 02 09 19.137 29.57 22.3 2.59 2.10279432624113 0 0 1 0
2001 02 10 17.837 29.2 21.71 2.51 2.10279432624113 0 0 1 0
2001 02 11 12.266 27.74 20.92 2.45 2.10279432624113 13.8 0 1 0
2001 02 12 22.143 30.95 19.36 2.47 2.10279432624113 0.2 0 1 0
2001 02 13 12.594 26.63 20.5 2.51 2.10279432624113 24.9 0 1 0
2001 02 14 12.992 26.7077272727273 20.5452272727273 2.51272727272727 2.10279432624113 49.1 0 4 0
2001 02 15 24.408 26.7854545454545 20.5904545454545 2.51545454545455 2.10279432624113 0 0 4 0
2001 02 16 12.903 26.8631818181818 20.6356818181818 2.51818181818182 2.10279432624113 0.6 0 4 0
2001 02 17 15.878 26.9409090909091 20.6809090909091 2.52090909090909 2.10279432624113 0.8 0 4 0
2001 02 18 14.318 27.0186363636364 20.7261363636364 2.52363636363636 2.10279432624113 5.6 0 4 0
2001 02 19 15.488 27.0963636363636 20.7713636363636 2.52636363636364 2.10279432624113 5 0 4 0
2001 02 20 12.427 27.1740909090909 20.8165909090909 2.52909090909091 2.10279432624113 17.2 0 4 0
2001 02 21 17.76 27.2518181818182 20.8618181818182 2.53181818181818 2.10279432624113 5.4 0 4 0
2001 02 22 13.707 27.3295454545455 20.9070454545455 2.53454545454545 2.10279432624113 1.6 0 4 0
2001 02 23 19.613 27.4072727272727 20.9522727272727 2.53727272727273 2.10279432624113 4.8 0 4 0
2001 02 24 9.474 27.485 20.9975 2.54 2.10279432624113 93.8 0 4 0
2001 02 25 17.971 27.5627272727273 21.0427272727273 2.54272727272727 2.10279432624113 12.6 0 4 0
2001 02 26 18.986 27.6404545454545 21.0879545454545 2.54545454545455 2.10279432624113 3.6 0 4 0
2001 02 27 6.753 27.7181818181818 21.1331818181818 2.54818181818182 2.10279432624113 12 0 4 0
2001 02 28 17.764 27.7959090909091 21.1784090909091 2.55090909090909 2.10279432624113 9.4 0 4 0
2001 03 01 17.742 27.8736363636364 21.2236363636364 2.55363636363636 2.10279432624113 0.6 0 4 0
2001 03 02 4.643 27.9513636363636 21.2688636363636 2.55636363636364 2.10279432624113 20.6 0 4 0
2001 03 03 19.692 28.0290909090909 21.3140909090909 2.55909090909091 2.10279432624113 2.2 0 4 0
2001 03 04 18.108 28.1068181818182 21.3593181818182 2.56181818181818 2.10279432624113 0 0 4 0
2001 03 05 15.827 28.1845454545455 21.4045454545455 2.56454545454545 2.10279432624113 0 0 4 0
2001 03 06 17.649 28.2622727272727 21.4497727272727 2.56727272727273 2.10279432624113 0.6 0 4 0
2001 03 07 17.454 28.34 21.495 2.57 2.10279432624113 6 0 6 1
2001 03 08 17.259 28.4177272727273 21.5402272727273 2.57272727272727 2.10279432624113 11.4 0 6 1
2001 03 09 17.064 28.4954545454545 21.5854545454545 2.57545454545455 2.10279432624113 16.8 0 4 0
2001 03 10 20.299 28.5731818181818 21.6306818181818 2.57818181818182 2.10279432624113 0.2 0 4 0
2001 03 11 14.945 28.6509090909091 21.6759090909091 2.58090909090909 2.10279432624113 3.8 0 4 0
2001 03 12 20.103 28.7286363636364 21.7211363636364 2.58363636363636 2.10279432624113 0.6 0 4 0
2001 03 13 14.196 28.8063636363636 21.7663636363636 2.58636363636364 2.10279432624113 8.4 0 4 0
2001 03 14 14.717 28.8840909090909 21.8115909090909 2.58909090909091 2.10279432624113 39.9 0 4 0
2001 03 15 18.778 28.9618181818182 21.8568181818182 2.59181818181818 2.10279432624113 4.4 0 4 0
2001 03 16 23.168 29.0395454545455 21.9020454545455 2.59454545454545 2.10279432624113 0.2 0 4 0
2001 03 17 20.328 29.1172727272727 21.9472727272727 2.59727272727273 2.10279432624113 7.2 0 4 0
2001 03 18 21.718 29.195 21.9925 2.6 2.10279432624113 0.8 0 4 0
2001 03 19 16.992 29.2727272727273 22.0377272727273 2.60272727272727 2.10279432624113 10.7 0 4 0
2001 03 20 22.386 29.3504545454545 22.0829545454545 2.60545454545455 2.10279432624113 0.2 0 4 0
2001 03 21 22.67 29.4281818181818 22.1281818181818 2.60818181818182 2.10279432624113 1 0 4 0
2001 03 22 9.435 29.5059090909091 22.1734090909091 2.61090909090909 2.10279432624113 0.4 0 4 0
2001 03 23 20.233 29.5836363636364 22.2186363636364 2.61363636363636 2.10279432624113 0.2 0 4 0
2001 03 24 11.808 29.6613636363636 22.2638636363636 2.61636363636364 2.10279432624113 11.4 0 4 0
2001 03 25 17.155 29.7390909090909 22.3090909090909 2.61909090909091 2.10279432624113 0 0 4 0
2001 03 26 14.729 29.8168181818182 22.3543181818182 2.62181818181818 2.10279432624113 0.6 0 4 0
2001 03 27 14.172 29.8945454545455 22.3995454545455 2.62454545454545 2.10279432624113 1.8 0 4 0
2001 03 28 16.103 29.9722727272727 22.4447727272727 2.62727272727273 2.10279432624113 14.3 0 6 1
2001 03 29 18.034 30.05 22.49 2.63 2.10279432624113 26.8 0 1 0
2001 03 30 23.589 30.57 22.37 2.67 2.10279432624113 0.2 0 1 0
2001 03 31 19.803 29.68 23.63 2.72 2.10279432624113 0.2 0 1 0
2001 04 01 11.43 28.15 22.75 2.66 2.10279432624113 27.7 0 1 0
2001 04 02 13.773 29.05 22.21 2.67 2.10279432624113 0.8 0 1 0
2001 04 03 17.005 29.79 22.16 2.62 2.10279432624113 0 0 1 0
2001 04 04 18.005 29.99 21.86 2.62 2.10279432624113 1 0 1 0
2001 04 05 20.594 29.76 22.9 2.57 2.10279432624113 16 0 1 0
2001 04 06 16.082 30.41 22.63 2.64 2.10279432624113 0.2 0 1 0
2001 04 07 18.83 29.62 22.71 2.62 2.10279432624113 0.2 0 1 0
2001 04 08 21.995 31.65 22.76 2.69 2.10279432624113 0 0 1 0
2001 04 09 19.158 31.8 22.66 2.67 2.10279432624113 0.2 0 1 0
2001 04 10 14.843 28.59 23.43 2.72 2.10279432624113 10.3 0 1 0
2001 04 11 22.365 31.03 21.68 2.57 2.10279432624113 0 0 1 0
2001 04 12 17.624 31.24 22.62 2.67 2.10279432624113 0.2 0 1 0
2001 04 13 17.807 30.63 22.92 2.67 2.10279432624113 18.5 0 1 0
2001 04 14 23.076 32.1 21.94 2.61 2.10279432624113 0.8 0 1 0
2001 04 15 19.183 29.33 23.2 2.61 2.10279432624113 0 0 1 0
2001 04 16 19.814 30.73 22.58 2.69 2.10279432624113 0.2 0 1 0
2001 04 17 22.898 31.67 21.38 2.54 2.10279432624113 0 0 1 0
2001 04 18 21.349 30.85 22.33 2.65 2.10279432624113 0 0 1 0
2001 04 19 20.899 30.4 22.69 2.62 2.10279432624113 0 0 1 0
2001 04 20 15.082 29.19 22.39 2.68 2.10279432624113 22.3 0 1 0
2001 04 21 11.666 28.49 22.27 2.67 2.10279432624113 0 0 1 0
2001 04 22 13.304 28.21 22.74 2.66 2.10279432624113 2.6 0 1 0
2001 04 23 18.809 29.97 23.19 2.66 2.10279432624113 0 0 1 0
2001 04 24 9.887 27.49 22.59 2.62 2.10279432624113 6 0 1 0
2001 04 25 13.88 26.59 21.26 2.42 2.10279432624113 0.6 0 1 0
2001 04 26 14.226 27.88 19.74 2.39 2.10279432624113 0.4 0 1 0
2001 04 27 20.601 31.82 20.76 2.47 2.10279432624113 0 0 1 0
2001 04 28 18.558 31.735 22.13 2.555 2.10279432624113 6.6 0 4 0
2001 04 29 18.728 31.65 23.5 2.64 2.10279432624113 0.2 0 1 0
2001 04 30 20.046 31.02 23.41 2.66 2.10279432624113 0 0 1 0
2001 05 01 19.364 30.88 21.07 2.56 1.89 0.2 0 0 0
2001 05 02 17.936 31.3 21.33 2.58 1.51 2.6 0 0 0
2001 05 03 16.006 30.35 22.43 2.65 1.77 0.2 0 0 0
2001 05 04 17.877 31.38 21.96 2.59 3.34 33.8 0 0 0
2001 05 05 6.972 22.3 19.44 2.04 4.12 0 0 0 0
2001 05 06 18.816 28.25 20.07 2.25 2 0 0 0 0
2001 05 07 14.548 28.4 20.34 2.45 1.36 0 0 0 0
2001 05 08 17.596 31.48 21.7 2.59 1.26 0 0 0 0
2001 05 09 11.289 30.02 23.75 2.71 1.6 0.4 0 0 0
2001 05 10 11.669 29.84 22.68 2.7 1.71 14.3 0 0 0
2001 05 11 16.921 29.89 22.15 2.56 1.85 9.4 0 0 0
2001 05 12 15.817 28.81 22.41 2.55 1.65 1.2 0 0 0
2001 05 13 8.901 25.75 21.54 2.44 3.61 0.2 0 0 0
2001 05 14 7.269 22.74 18.73 2.09 3.4 0 0 0 0
2001 05 15 14.58 27.82 19.55 2.28 1.8 0 0 0 0
2001 05 16 18.229 29.99 20.12 2.42 1.43 0 0 0 0
2001 05 17 8.857 26.29 22.27 2.45 3.08 0 0 0 0
2001 05 18 16.493 28.42 20.73 2.39 2 0 0 0 0
2001 05 19 17.426 30.69 21.02 2.52 1.26 0 0 0 0
2001 05 20 17.166 31.56 21.6 2.62 1.14 0.2 0 0 0
2001 05 21 18.08 31.45 22.02 2.63 1.32 0 0 0 0
2001 05 22 18.424 31.1 22.88 2.6 2.19 1.4 0 0 0
2001 05 23 15.647 29.17 22.2 2.61 1.98 2.2 0 0 0
2001 05 24 13.45 29.71 21.25 2.52 1.17 1.6 0 0 0
2001 05 25 10.923 27 22.59 2.66 1.73 4.4 0 0 0
2001 05 26 6.596 25.66 21.18 2.54 1.88 47.9 0 0 0
2001 05 27 15.105 28.96 21.51 2.5 1.64 0 0 0 0
2001 05 28 19.017 30.28 20.07 2.44 1.47 0.2 0 0 0
2001 05 29 16.388 30.66 21.11 2.51 1.42 0 0 0 0
2001 05 30 17.189 30.94 20.85 2.55 1.13 0 0 0 0
2001 05 31 12.752 28.82 21.45 2.54 1.17 0 0 0 0
2001 06 01 17.29 30.86 20.67 2.48 1.49 10.4 0 0 0
2001 06 02 8.273 27.61 20.19 2.39 1.56 9.8 0 0 0
2001 06 03 17.274 29.16 19.01 2.35 1.44 1.4 0 0 0
2001 06 04 15.085 28.95 20.89 2.49 1.16 0.6 0 0 0
2001 06 05 18.15 29.82 20.44 2.4 0.94 0.2 0 0 0
2001 06 06 18.643 30.23 20.46 2.43 1.26 0 0 0 0
2001 06 07 14.238 29.69 20.8 2.48 1.32 0 0 0 0
2001 06 08 18.363 30.35 21.03 2.41 1.44 0.2 0 1 0
2001 06 09 18.312 30.64 20.22 2.34 1.6 0 0 0 0
2001 06 10 19.113 30.95 20.75 2.3 2.11 0.2 0 0 0
2001 06 11 18.946 30.66 19.47 2.2 1.55 0 0 0 0
2001 06 12 19.705 30.47 19.25 2.13 1.23 0.2 0 0 0
2001 06 13 17.278 30.77 18.76 2.18 1 0 0 0 0
2001 06 14 8.427 26.2 20.88 2.35 1.7 8.6 0 0 0
2001 06 15 12.621 27.81 20.31 2.44 1.68 0.2 0 0 0
2001 06 16 13.853 29.43 20.17 2.43 1.15 0.4 0 0 0
2001 06 17 6.315 25.77 14.16 2.06 4.25 0 0 0 0
2001 06 18 3.062 14.41 12.02 1.3 6.05 0.2 0 0 0
2001 06 19 5.965 14.42 11.34 1.23 5.11 0 0 0 0
2001 06 20 16.716 20.04 11.49 1.34 4.57 0 0 0 0
2001 06 21 19.836 24.13 12.67 1.46 3.08 0.2 0 0 0
2001 06 22 19.267 26.16 14.83 1.58 2.49 0 0 0 0
2001 06 23 18.747 29.02 15.73 1.71 1.42 0 0 0 0
2001 06 24 19.381 28.0066666666667 17.1933333333333 1.78333333333333 0.96 0 0 3 0
2001 06 25 15.358 26.9933333333333 18.6566666666667 1.85666666666667 1.9 6 0 3 0
2001 06 26 18.001 25.98 20.12 1.93 4.09 0 0 0 0
2001 06 27 16.499 27.05 19.52 1.83 3.14 0 0 0 0
2001 06 28 17.198 28.23 17.5 1.83 1.87 0 0 0 0
2001 06 29 17.839 29.91 17.52 2.03 1.14 0.2 0 0 0
2001 06 30 18.288 31.2 18.3 2.17 1.1 0 0 0 0
2001 07 01 16.453 30.37 19.59 2.32 0.98 0.2 0 3 0
2001 07 02 10.86 29.54 20.88 2.47 1.43 0 0 0 0
2001 07 03 13.113 29.62 21.25 2.37 1.45 0 0 0 0
2001 07 04 17.134 30.69 20.18 2.36 1.27 0 0 0 0
2001 07 05 17.245 31.39 20.72 2.39 1.28 0.2 0 0 0
2001 07 06 13.357 29.67 21.24 2.32 2.25 0 0 0 0
2001 07 07 16.795 29.97 20.1 2.31 1.3 0 0 0 0
2001 07 08 17.342 31.57 20.56 2.32 1.57 0.2 0 0 0
2001 07 09 14.16 30.55 20.91 2.36 1.15 0 0 0 0
2001 07 10 17.795 30.88 20.05 2.23 1.69 0 0 0 0
2001 07 11 19.726 31.91 20.07 2.24 1.3 0.2 0 0 0
2001 07 12 15.633 30.77 20.63 2.3 1.73 0 0 0 0
2001 07 13 15.613 29.95 21.14 2.39 2 0 0 0 0
2001 07 14 18.729 31.09 19.65 2.36 1.71 0.2 0 0 0
2001 07 15 18.125 31.87 20.79 2.33 1.42 0 0 0 0
2001 07 16 17.128 31.71 20.37 2.32 1.33 4.6 0 0 0
2001 07 17 15.824 30.06 21.29 2.38 2.24 0 0 0 0
2001 07 18 17.446 30.81 21.32 2.32 1.85 0 0 0 0
2001 07 19 16.837 31.3 20.57 2.32 1.55 0 0 0 0
2001 07 20 17.388 32.33 20.78 2.33 1.67 0.2 0 0 0
2001 07 21 18.718 32.5 21.55 2.34 1.47 0 0 0 0
2001 07 22 18.026 32.19 21.17 2.26 1.76 0 0 0 0
2001 07 23 16.835 30.73 20.7 2.36 2.5 0 0 0 0
2001 07 24 17.261 28.91 20.98 2.29 2.39 0 0 0 0
2001 07 25 13.47 28.96 18.91 2.26 1.32 0 0 0 0
2001 07 26 17.658 30.43 19.09 2.26 1.6 1 0 0 0
2001 07 27 7.442 23.91 16.7 2.01 5.31 0 0 0 0
2001 07 28 18.887 23.07 14.2 1.39 4.87 0 0 0 0
2001 07 29 21.733 28.1 13.1 1.57 1.57 0.2 0 0 0
2001 07 30 20.8 30.23 15.73 1.75 1.49 0 0 0 0
2001 07 31 20.028 31.1 17.55 1.8 1.37 0 0 0 0
2001 08 01 21.432 32.6 18 1.77 1.54 0.2 0 0 0
2001 08 02 18.345 31.66 20.77 1.87 1.78 0 0 0 0
2001 08 03 20.812 31.91 18.07 1.67 1.68 0 0 0 0
2001 08 04 20.142 31.975 18.375 1.69 1.51 0 0 3 0
2001 08 05 21.117 32.04 18.68 1.71 1.77 0 0 0 0
2001 08 06 21.05 32.1466666666667 18.5966666666667 1.69666666666667 1.34 0 0 3 0
2001 08 07 21.859 32.2533333333333 18.5133333333333 1.68333333333333 2.44 0.2 0 3 0
2001 08 08 21.665 32.36 18.43 1.67 1.92 0 0 0 0
2001 08 09 21.036 32.465 18.74 1.695 1.73 0 0 3 0
2001 08 10 22.084 32.57 19.05 1.72 2.03 0 0 3 0
2001 08 11 21.988 32.675 19.36 1.745 1.32 0 0 3 0
2001 08 12 21.433 32.78 19.67 1.77 1.35 0 0 3 0
2001 08 13 19.947 32.885 19.98 1.795 1.7 0 0 3 0
2001 08 14 20.311 32.99 20.29 1.82 1.99 0 0 0 0
2001 08 15 19.518 33.35 20.435 1.885 2.01 0 0 3 0
2001 08 16 17.469 33.71 20.58 1.95 1.39 0 0 0 0
2001 08 17 18.964 33.98 20.71 1.89 1.47 0 0 0 0
2001 08 18 21.342 34.1466666666667 21.47 1.86333333333333 1.75 0 0 3 0
2001 08 19 19.485 34.3133333333333 22.23 1.83666666666667 1.6 0 0 3 0
2001 08 20 21.073 34.48 22.99 1.81 3.18 0 0 0 0
2001 08 21 19.206 32.84 23.54 1.79 3.64 0 0 0 0
2001 08 22 14.162 32.85 21.14 1.88 1.83 0 0 0 0
2001 08 23 19.392 34.49 20.25 1.89 2.05 0 0 0 0
2001 08 24 18.847 33.39 22.39 2.17 2.21 0 0 0 0
2001 08 25 18.867 33.78 21.43 2.15 2.24 0 0 0 0
2001 08 26 17.844 33.31 21.56 2.27 2.98 2 0 0 0
2001 08 27 20.169 33.615 21.16 2.26 2.98 23.1 0 3 0
2001 08 28 19.971 33.92 20.76 2.25 1.61 0 0 0 0
2001 08 29 18.991 33.3 22.14 2.33 2.15 0 0 0 0
2001 08 30 18.863 33.31 21.25 2.19 1.91 0 0 0 0
2001 08 31 20.691 33.28 21.23 2.22 2.06 0 0 0 0
2001 09 01 20.438 33.67 21.21 2.24 1.52 0 0 0 0
2001 09 02 15.925 32.45 22.7 2.4 1.97 0.8 0 0 0
2001 09 03 13.45 30.64 21.31 2.39 3.13 39.7 0 0 0
2001 09 04 18.813 30.1 21.58 2.38 1.97 4.8 0 0 0
2001 09 05 20.085 32.41 22.59 2.4 3.12 0.2 0 0 0
2001 09 06 21.914 32.84 22.5 2.34 2.4 0 0 0 0
2001 09 07 19.797 31.65 23.07 2.48 2.48 0 0 0 0
2001 09 08 16.397 31.95 22.28 2.57 2.25 0 0 0 0
2001 09 09 20.659 33.47 23.23 2.52 1.38 0 0 0 0
2001 09 10 20.135 33.61 22.48 2.47 1.12 0.2 0 0 0
2001 09 11 10.704 30.78 20.61 2.5 1.93 28.9 0 0 0
2001 09 12 18.681 30.92 20.68 2.37 2.02 4 0 0 0
2001 09 13 21.991 32.65 21.56 2.4 2.35 0 0 0 0
2001 09 14 18.951 32.79 23.02 2.45 1.9 1 0 0 0
2001 09 15 14.735 31.18 21.41 2.41 2.42 0.2 0 0 0
2001 09 16 2.849 23.48 18.2 2.16 3.25 5.6 0 0 0
2001 09 17 23.331 27.45 17.68 1.35 3.17 0 0 0 0
2001 09 18 24.871 30.98 16.86 1.69 1.42 0 0 0 0
2001 09 19 23.258 33 19.37 2.02 1.04 0.2 0 0 0
2001 09 20 17.33 32.6566666666667 20.1766666666667 2.14 1.67 4.2 0 3 0
2001 09 21 21.498 32.3133333333333 20.9833333333333 2.26 1.83 0.2 0 3 0
2001 09 22 19.113 31.97 21.79 2.38 1.27 0 0 0 0
2001 09 23 13.3 30.58 22.46 2.43 2.05 2.2 0 0 0
2001 09 24 19.441 30.5966666666667 22.61 2.47 2.53 15.9 0 3 0
2001 09 25 20.853 30.6133333333333 22.76 2.51 2.25 68.9 0 3 0
2001 09 26 11.841 30.63 22.91 2.55 1.94 16.3 0 0 0
2001 09 27 11.12 29.41 21.8 2.52 1.35 0.6 0 0 0
2001 09 28 13.7088 30.246 22.088 2.498 1.19 0.48 0 5 1
2001 09 29 16.2976 31.082 22.376 2.476 1.23 0.36 0 5 1
2001 09 30 18.8864 31.918 22.664 2.454 1 0.24 0 5 1
2001 10 01 21.4752 32.754 22.952 2.432 1.63 0.12 0 5 1
2001 10 02 24.064 33.59 23.24 2.41 1.93 0 0 0 0
2001 10 03 20.03 31.15 22.36 2.49 1.8 0 0 0 0
2001 10 04 23.222 32.3 23.82 2.56 1.9 0 0 0 0
2001 10 05 22.759 32.64 22.77 2.39 1.75 0 0 0 0
2001 10 06 20.757 32.56 22.29 2.42 1.53 0 0 0 0
2001 10 07 23.077 33.08 22.04 2.38 2.11 0 0 0 0
2001 10 08 20.643 33.22 22.55 2.38 1.9 0 0 0 0
2001 10 09 21.458 34.42 22.45 2.31 1.88 0.4 0 0 0
2001 10 10 19.563 31.71 21.95 2.47 1.64 2.4 0 0 0
2001 10 11 17.488 31.13 22.82 2.61 2.22 1.2 0 0 0
2001 10 12 15.718 28.59 22.62 2.52 1.82 0.2 0 0 0
2001 10 13 10.352 28.39 22 2.52 1.66 0.2 0 0 0
2001 10 14 22.888 30.36 21.68 2.42 1.86 0 0 0 0
2001 10 15 21.772 31.22 22.22 2.53 2.4 0 0 0 0
2001 10 16 18.017 30.63 22.58 2.53 3.1 0 0 0 0
2001 10 17 12.207 27.23 22.38 2.51 1.78 0.6 0 0 0
2001 10 18 16.47 29.4 23.01 2.53 1.9 0.2 0 0 0
2001 10 19 24.252 32.54 22.15 2.42 2.13 0 0 0 0
2001 10 20 21.887 33.24 22.78 2.44 2.77 0 0 0 0
2001 10 21 22.359 32.89 22.13 2.51 2.73 1.6 0 0 0
2001 10 22 22.71 29.94 21.46 2.38 3.45 0 0 0 0
2001 10 23 18.025 30.61 23.15 2.6 2.09 0 0 0 0
2001 10 24 17.402 29.41 22 2.46 2.29 0.2 0 0 0
2001 10 25 24.665 33.06 21.59 2.5 1.32 0 0 0 0
2001 10 26 14.544 28.48 22.74 2.58 2.11 13.6 0 0 0
2001 10 27 20.904 30.575 22.63 2.53 1.87 0 0 3 0
2001 10 28 25.966 32.67 22.52 2.48 2.48 0.2 0 0 0
2001 10 29 25.002 34.09 23.28 2.53 2.08 2.6 0 0 0
2001 10 30 21.138 33.02 23.15 2.57 2.27 0.6 0 0 0
2001 10 31 16.264 29.21 22.7 2.55 1.86 13.6 0 0 0
2001 11 01 20.363 28.84 22.36 2.55 2.49 56 0 3 0
2001 11 02 12.116 28.47 22.02 2.55 1.59 23.2 0 0 0
2001 11 03 14.823 29.27 21.88 2.46 2.05 7.8 0 0 0
2001 11 04 13.084 28.61 21.61 2.49 1.9 46.4 0 0 0
2001 11 05 23.558 30.2 21.6 2.51 1.42 0 0 0 0
2001 11 06 26.086 31.97 21.64 2.51 2.01 0.2 0 0 0
2001 11 07 25.71 32.57 22.78 2.55 2.2 0 0 0 0
2001 11 08 15.316 30.68 23.09 2.59 2.3 6.4 0 0 0
2001 11 09 19.963 29.58 22.9 2.53 2.19 0.2 0 0 0
2001 11 10 20.851 31.7 22.98 2.57 2.56 7.4 0 0 0
2001 11 11 21.461 31.26 22.62 2.6 2.5 0 0 0 0
2001 11 12 22.628 31.67 23.35 2.57 2.31 0 0 0 0
2001 11 13 22.834 32.43 23.27 2.56 2.54 0 0 0 0
2001 11 14 24.044 32.71 23.13 2.46 3.68 0 0 0 0
2001 11 15 14.776 31.29 22.98 2.51 2.04 5.2 0 0 0
2001 11 16 23.545 30.75 22.65 2.54 2.68 0 0 0 0
2001 11 17 11.437 30.01 21.53 2.49 1.82 23.2 0 0 0
2001 11 18 16.182 30.03 21.16 2.51 1.49 8.4 0 0 0
2001 11 19 23.26 30.64 22.99 2.65 1.66 1 0 0 0
2001 11 20 18.999 29.3 22.46 2.64 3.03 15.4 0 0 0
2001 11 21 23.748 31.39 22.91 2.55 2.29 0 0 0 0
2001 11 22 15.314 29.5 23.8 2.65 2.18 0.4 0 0 0
2001 11 23 9.038 28.26 22.98 2.64 1.85 4.8 0 0 0
2001 11 24 17.537 29.98 22.53 2.61 2.86 0.2 0 0 0
2001 11 25 11.067 26.51 22.06 2.5 2.29 6.8 0 0 0
2001 11 26 23.101 29.07 21.52 2.48 2.69 0.2 0 0 0
2001 11 27 22.2187777777778 28.9788888888889 21.5955555555556 2.48555555555556 2.54 0.688888888888889 0 5 1
2001 11 28 21.3365555555556 28.8877777777778 21.6711111111111 2.49111111111111 1.85 1.17777777777778 0 5 1
2001 11 29 20.4543333333333 28.7966666666667 21.7466666666667 2.49666666666667 2.86 1.66666666666667 0 5 1
2001 11 30 19.5721111111111 28.7055555555556 21.8222222222222 2.50222222222222 2.29 2.15555555555556 0 5 1
2001 12 01 18.6898888888889 28.6144444444444 21.8977777777778 2.50777777777778 2.10279432624113 2.64444444444444 0 6 1
2001 12 02 17.8076666666667 28.5233333333333 21.9733333333333 2.51333333333333 2.10279432624113 3.13333333333333 0 6 1
2001 12 03 16.9254444444444 28.4322222222222 22.0488888888889 2.51888888888889 2.10279432624113 3.62222222222222 0 6 1
2001 12 04 16.0432222222222 28.3411111111111 22.1244444444444 2.52444444444444 2.10279432624113 4.11111111111111 0 6 1
2001 12 05 15.161 28.25 22.2 2.53 2.10279432624113 4.6 0 1 0
2001 12 06 18.568 30.85 23.49 2.56 2.10279432624113 0 0 1 0
2001 12 07 21.559 31.5 23.34 2.65 2.10279432624113 9.2 0 1 0
2001 12 08 14.31 28.19 22.4 2.59 2.10279432624113 3.2 0 1 0
2001 12 09 16.649 29.88 21.95 2.51 2.10279432624113 0.2 0 1 0
2001 12 10 15.325 29.36 22.9 2.6 2.10279432624113 1 0 1 0
2001 12 11 17.758 30.82 23.08 2.64 2.10279432624113 0.2 0 1 0
2001 12 12 9.963 28.26 23.18 2.67 2.10279432624113 19 0 1 0
2001 12 13 14.884 26.9 22.35 2.46 2.10279432624113 0.6 0 1 0
2001 12 14 22.57 30.6 21.2 2.46 2.10279432624113 0 0 1 0
2001 12 15 13.85 29.88 22.89 2.68 2.10279432624113 6.6 0 1 0
2001 12 16 17.732 30.61 23.25 2.69 2.10279432624113 9.4 0 1 0
2001 12 17 13.844 28.23 22.41 2.57 2.10279432624113 1.6 0 1 0
2001 12 18 16.979 28.74 22.9 2.6 2.10279432624113 0 0 1 0
2001 12 19 24.65 31.33 23.19 2.6 2.10279432624113 0 0 1 0
2001 12 20 16.762 31.85 22.8 2.66 2.10279432624113 30.8 0 1 0
2001 12 21 13.383 28.58 22.5 2.59 2.10279432624113 18.6 0 1 0
2001 12 22 10.359 28.96 21.96 2.63 2.10279432624113 32.4 0 1 0
2001 12 23 17.003 29.04 22.74 2.57 2.10279432624113 0.6 0 1 0
2001 12 24 19.654 29.7 23.2 2.6 2.10279432624113 4 0 1 0
2001 12 25 10.212 28.07 22.89 2.68 2.10279432624113 9.8 0 1 0
2001 12 26 9.258 25.96 22.2 2.54 2.10279432624113 18 0 1 0
2001 12 27 13.179 27.8 22.15 2.52 2.10279432624113 2.6 0 1 0
2001 12 28 19.665 29.49 22.55 2.68 2.10279432624113 5.4 0 1 0
2001 12 29 16.062 29.38 23.2 2.64 2.10279432624113 1.8 0 1 0
2001 12 30 15.677 28.28 22.51 2.57 2.10279432624113 0 0 1 0
2001 12 31 19.431 29.46 22.69 2.61 2.10279432624113 14.6 0 1 0
2002 01 01 15.865 28.22 22.36 2.53 2.10279432624113 15.8 0 1 0
2002 01 02 15.874 28.18 22.55 2.56 2.10279432624113 1 0 1 0
2002 01 03 21.528 29.84 22.43 2.54 2.10279432624113 0 0 1 0
2002 01 04 19.349 30.11 23.47 2.65 2.10279432624113 0.8 0 1 0
2002 01 05 23.56 30.75 23.51 2.61 2.10279432624113 0 0 1 0
2002 01 06 17.214 30.03 23.01 2.65 2.10279432624113 25.1 0 1 0
2002 01 07 17.878 29 22.58 2.58 2.10279432624113 1 0 1 0
2002 01 08 11.703 29.14 23.06 2.62 2.10279432624113 12 0 1 0
2002 01 09 14.445 28.5 22.7 2.62 2.10279432624113 0.2 0 1 0
2002 01 10 17.153 27.47 21.97 2.52 2.10279432624113 6.8 0 1 0
2002 01 11 11.858 26.64 21.26 2.45 2.10279432624113 43.8 0 1 0
2002 01 12 22.124 30.34 21.8 2.54 2.10279432624113 0.4 0 1 0
2002 01 13 12.724 28.91 22.63 2.65 2.10279432624113 7.8 0 1 0
2002 01 14 11.317 28.18 22.72 2.58 2.10279432624113 2.8 0 1 0
2002 01 15 12.668 29.52 22.72 2.61 2.10279432624113 4.2 0 1 0
2002 01 16 15.713 28.09 22.03 2.56 2.10279432624113 1.4 0 1 0
2002 01 17 21.943 31.13 21.51 2.49 2.10279432624113 0 0 1 0
2002 01 18 26.413 31.79 21.66 2.45 2.10279432624113 0 0 1 0
2002 01 19 4.016 24.93 22.2 2.56 2.10279432624113 32.4 0 1 0
2002 01 20 19.948 30.98 21.45 2.55 2.10279432624113 0 0 1 0
2002 01 21 24.458 30.7 22.7 2.6 2.10279432624113 0 0 1 0
2002 01 22 18.37 30.55 22.23 2.48 2.10279432624113 30.6 0 1 0
2002 01 23 25.721 31.04 22.44 2.53 2.10279432624113 0.2 0 1 0
2002 01 24 26.11 31.64 22.92 2.57 2.10279432624113 0 0 1 0
2002 01 25 25.014 31.36 22.63 2.53 2.10279432624113 8.6 0 1 0
2002 01 26 22.542 30.25 22.85 2.63 2.10279432624113 2.8 0 1 0
2002 01 27 24.429 30.56 23.34 2.63 2.10279432624113 0.2 0 1 0
2002 01 28 19.137 29.86 22.54 2.61 2.10279432624113 0.4 0 1 0
2002 01 29 23.603 30.43 23.16 2.62 2.10279432624113 0 0 1 0
2002 01 30 17.7 29.96 23.3 2.62 2.10279432624113 0.2 0 1 0
2002 01 31 20.778 30.71 23.23 2.59 2.10279432624113 0 0 1 0
2002 02 01 21.936 31.76 22.47 2.56 2.10279432624113 0 0 1 0
2002 02 02 23.433 32.55 22.49 2.55 2.10279432624113 0 0 1 0
2002 02 03 24.151 32.02 22.93 2.6 2.10279432624113 0 0 1 0
2002 02 04 12.911 28.43 22.01 2.65 2.10279432624113 3 0 1 0
2002 02 05 11.868 27.55 22.92 2.64 2.10279432624113 0 0 1 0
2002 02 06 12.553 27.78 22.98 2.67 2.10279432624113 0 0 1 0
2002 02 07 11.139 26.47 22.47 2.61 2.10279432624113 2.6 0 1 0
2002 02 08 14.536 27.96 23.28 2.6 2.10279432624113 0.2 0 1 0
2002 02 09 9.637 27.31 22.45 2.6 2.10279432624113 0.2 0 1 0
2002 02 10 20.376 29.47 21.72 2.47 2.10279432624113 0 0 1 0
2002 02 11 20.08 29.92 22.38 2.52 2.10279432624113 0 0 1 0
2002 02 12 13.701 27.52 23.27 2.64 2.10279432624113 0 0 1 0
2002 02 13 19.02 28.64 22.69 2.59 2.10279432624113 0.2 0 1 0
2002 02 14 15.985 29.27 22.52 2.57 2.10279432624113 11.4 0 1 0
2002 02 15 16.818 26.97 23.07 2.63 2.10279432624113 0.4 0 1 0
2002 02 16 13.049 27.91 22.76 2.65 2.10279432624113 3.4 0 1 0
2002 02 17 17.49 30.35 22.77 2.63 2.10279432624113 25.9 0 1 0
2002 02 18 10.881 28.15 22.71 2.61 2.10279432624113 33.7 0 1 0
2002 02 19 21.842 30.57 22.39 2.56 2.10279432624113 0 0 1 0
2002 02 20 24.324 30.62 22.76 2.55 2.10279432624113 0 0 1 0
2002 02 21 21.272 30.75 22.51 2.59 2.10279432624113 8.8 0 1 0
2002 02 22 15.575 29.53 23.02 2.61 2.10279432624113 14.9 0 1 0
2002 02 23 17.979 30.2033333333333 22.6533333333333 2.61 2.10279432624113 74.4 0 4 0
2002 02 24 10.996 30.8766666666667 22.2866666666667 2.61 2.10279432624113 3.2 0 4 0
2002 02 25 22.204 31.55 21.92 2.61 2.10279432624113 0 0 1 0
2002 02 26 23.951 32.41 23.01 2.62 2.10279432624113 0 0 1 0
2002 02 27 21.366 30.72 23.9 2.61 2.10279432624113 0 0 1 0
2002 02 28 11.461 26.79 20.58 2.51 2.10279432624113 25 0 1 0
2002 03 01 15.064 27.06 22.83 2.61 2.10279432624113 0.2 0 1 0
2002 03 02 18.098 29.19 23.08 2.61 2.10279432624113 0.8 0 1 0
2002 03 03 15.523 29.9 22.81 2.59 2.10279432624113 5 0 1 0
2002 03 04 24.943 30.54 22.39 2.53 2.10279432624113 0 0 1 0
2002 03 05 20.689 30.33 22.22 2.51 2.10279432624113 3.6 0 1 0
2002 03 06 20.026 29.65 21.41 2.45 2.10279432624113 0.4 0 1 0
2002 03 07 19.769 28.48 21.67 2.48 2.10279432624113 2.2 0 1 0
2002 03 08 8.625 26.1 21.33 2.49 2.10279432624113 5.2 0 1 0
2002 03 09 16.937 30.2 22.18 2.56 2.10279432624113 2 0 1 0
2002 03 10 14.652 28.87 21.68 2.62 2.10279432624113 0.2 0 1 0
2002 03 11 17.578 30.44 22.11 2.62 2.10279432624113 7.4 0 1 0
2002 03 12 8.091 25.86 21.48 2.47 2.10279432624113 14.4 0 1 0
2002 03 13 23.507 31.43 20.66 2.49 2.10279432624113 0.2 0 1 0
2002 03 14 11.434 29.09 21.42 2.59 2.10279432624113 0 0 1 0
2002 03 15 24.076 31.09 20.34 2.47 2.10279432624113 0.2 0 1 0
2002 03 16 23.414 30.52 22.87 2.64 2.10279432624113 0 0 1 0
2002 03 17 25.126 31.75 22.35 2.61 2.10279432624113 0 0 1 0
2002 03 18 21.574 30.89 23.14 2.71 2.10279432624113 0 0 1 0
2002 03 19 24.119 32.05 22.67 2.64 2.10279432624113 0 0 1 0
2002 03 20 16.391 30.6 22.48 2.6 2.10279432624113 11.2 0 4 0
2002 03 21 14.799 29.15 22.29 2.56 2.10279432624113 0.2 0 1 0
2002 03 22 13.814 28.87 23.55 2.67 2.10279432624113 3 0 1 0
2002 03 23 19.943 30.05 23.04 2.6 2.10279432624113 0 0 1 0
2002 03 24 8.353 26.05 23.52 2.67 2.10279432624113 1 0 1 0
2002 03 25 15.104 28.19 23.42 2.64 2.10279432624113 0 0 1 0
2002 03 26 6.703 26.15 22.85 2.61 2.10279432624113 1.6 0 1 0
2002 03 27 12.093 27.45 22.56 2.63 2.10279432624113 7 0 1 0
2002 03 28 16.918 30.47 23.11 2.64 2.10279432624113 0.8 0 1 0
2002 03 29 18.351 29.34 22.96 2.62 2.10279432624113 1.4 0 1 0
2002 03 30 19.702 30.07 22.27 2.64 2.10279432624113 0.2 0 1 0
2002 03 31 15.25 30.99 22.55 2.63 2.10279432624113 31.1 0 1 0
2002 04 01 13.931 27.71 22.47 2.55 2.10279432624113 0 0 1 0
2002 04 02 20.728 31.19 21.45 2.54 2.10279432624113 0.2 0 1 0
2002 04 03 21.036 32.2 22.07 2.67 2.10279432624113 0.8 0 1 0
2002 04 04 21.206 31.6 23.03 2.7 2.10279432624113 3.4 0 1 0
2002 04 05 16.262 28.84 22.8 2.61 2.10279432624113 0.4 0 1 0
2002 04 06 17.971 30.07 22.23 2.62 2.10279432624113 0 0 1 0
2002 04 07 22.546 29.95 22.95 2.64 2.10279432624113 2 0 1 0
2002 04 08 23.552 31.52 22.7 2.67 2.10279432624113 0.2 0 1 0
2002 04 09 15.564 30.95 23.19 2.7 2.10279432624113 18 0 1 0
2002 04 10 13.164 27.47 22.87 2.63 2.10279432624113 1.2 0 1 0
2002 04 11 22.994 29.99 22.66 2.57 2.10279432624113 0 0 1 0
2002 04 12 17.839 30.39 22.11 2.64 2.10279432624113 34.9 0 1 0
2002 04 13 9.816 27.42 21.86 2.52 2.10279432624113 18.8 0 1 0
2002 04 14 9.617 27.77 22.16 2.57 2.10279432624113 4.4 0 1 0
2002 04 15 18.746 29.88 22.54 2.6 2.10279432624113 0.2 0 1 0
2002 04 16 19.191 30.57 22.67 2.62 2.10279432624113 1.4 0 1 0
2002 04 17 18.682 29.97 22.47 2.62 2.10279432624113 0.2 0 1 0
2002 04 18 19.729 30.15 21.2 2.53 2.10279432624113 0 0 1 0
2002 04 19 15.61 30.03 22.02 2.57 2.10279432624113 0.2 0 1 0
2002 04 20 20.114 31.02 21.41 2.53 2.10279432624113 0 0 1 0
2002 04 21 21.314 30.93 21.93 2.61 2.10279432624113 0.2 0 1 0
2002 04 22 15.527 30.58 22.73 2.66 2.10279432624113 1.6 0 1 0
2002 04 23 19.473 30.55 20.6 2.47 2.10279432624113 0 0 1 0
2002 04 24 19.1744285714286 30.4842857142857 20.7828571428571 2.48571428571429 2.10279432624113 5.45714285714286 0 6 1
2002 04 25 18.8758571428571 30.4185714285714 20.9657142857143 2.50142857142857 2.10279432624113 10.9142857142857 0 6 1
2002 04 26 18.5772857142857 30.3528571428571 21.1485714285714 2.51714285714286 2.10279432624113 16.3714285714286 0 6 1
2002 04 27 18.2787142857143 30.2871428571429 21.3314285714286 2.53285714285714 2.10279432624113 21.8285714285714 0 6 1
2002 04 28 17.9801428571429 30.2214285714286 21.5142857142857 2.54857142857143 2.10279432624113 27.2857142857143 0 6 1
2002 04 29 17.6815714285714 30.1557142857143 21.6971428571429 2.56428571428571 2.10279432624113 32.7428571428571 0 6 1
2002 04 30 17.383 30.09 21.88 2.58 2.10279432624113 38.2 0 1 0
2002 05 01 16.775 31.01 22.04 2.62 2.69 0.8 0 0 0
2002 05 02 19.482 31.93 21.84 2.59 1.13 0.2 0 0 0
2002 05 03 15.623 30.84 22.34 2.68 1.31 0 0 0 0
2002 05 04 19.878 29.8 22.51 2.6 2.31 0 0 0 0
2002 05 05 18.065 31.33 22.64 2.64 0.99 0.4 0 0 0
2002 05 06 10.725 28.21 22.59 2.66 1.31 0.2 0 0 0
2002 05 07 17.719 29.63 22.72 2.62 2.42 3.2 0 0 0
2002 05 08 18.411 30.3 22.6 2.52 2.34 0 0 0 0
2002 05 09 16.734 30.11 21.86 2.45 1.85 0 0 0 0
2002 05 10 17.099 30.27 21.19 2.54 0.99 0 0 0 0
2002 05 11 20.537 31.3 21.84 2.59 1.72 1.2 0 0 0
2002 05 12 18.761 31.13 21.99 2.59 1.66 0 0 0 0
2002 05 13 14.643 29.89 22.32 2.67 1.75 0 0 0 0
2002 05 14 14.352 29.74 22.39 2.61 1.58 0.6 0 0 0
2002 05 15 18.704 30.97 21.96 2.59 1.48 0 0 0 0
2002 05 16 19.07 31.65 22.21 2.57 1.64 0 0 0 0
2002 05 17 20.321 32.4 21.8 2.53 1.28 0.2 0 0 0
2002 05 18 16.748 30.22 23.21 2.62 2.58 0 0 0 0
2002 05 19 16.534 28.91 23.34 2.56 3.09 0 0 0 0
2002 05 20 16.381 30.37 22.71 2.57 1.9 0.2 0 0 0
2002 05 21 3.391 24.05 22.11 2.57 1.89 51.2 0 0 0
2002 05 22 9.249 23.72 19.61 2.17 3.11 0.2 0 0 0
2002 05 23 9.274 23.69 19.27 2.2 2.36 0 0 0 0
2002 05 24 18.457 28.69 19.63 2.29 2.65 0.2 0 0 0
2002 05 25 19.643 30.12 20.12 2.24 1.56 0.2 0 0 0
2002 05 26 19.058 30.43 18.93 2.1 1.25 0 0 0 0
2002 05 27 13.621 29.59 20.18 2.34 1.45 0 0 0 0
2002 05 28 17.54 29.93 20.87 2.54 1.86 0.2 0 0 0
2002 05 29 18.59 29.54 21.79 2.5 1.53 0.2 0 0 0
2002 05 30 15.631 29.6866666666667 21.3933333333333 2.47 1.71 17.3 0 3 0
2002 05 31 14.123 29.8333333333333 20.9966666666667 2.44 1.66 0.6 0 3 0
2002 06 01 17.429 29.98 20.6 2.41 1.08 0.2 0 0 0
2002 06 02 18.009 30.59 19.66 2.35 1.11 0.2 0 0 0
2002 06 03 18.297 30.9 20.62 2.41 1.41 0 0 0 0
2002 06 04 20.31 31.89 21.06 2.31 1.52 0.2 0 0 0
2002 06 05 18.582 30.82 19.01 2.24 1.58 0.2 0 0 0
2002 06 06 13.14 30.33 20.65 2.44 1.73 0.8 0 0 0
2002 06 07 17.674 31.1 20.85 2.44 1.32 0 0 0 0
2002 06 08 18.745 30.97 20.77 2.36 1.27 0 0 0 0
2002 06 09 19.272 30.53 20.19 2.22 1.59 0 0 0 0
2002 06 10 17.328 31.11 19.98 2.26 1.2 0 0 0 0
2002 06 11 19.096 31.51 19.39 2.28 1.17 0 0 0 0
2002 06 12 17.354 31.2 20.75 2.33 1.44 0 0 0 0
2002 06 13 16.46 26.87 20.49 2.38 2.24 0 0 0 0
2002 06 14 5.626 23.66 19.59 2.23 3.75 0 0 0 0
2002 06 15 12.767 23.68 16.73 1.83 4.66 0 0 0 0
2002 06 16 19.057 28.45 15.56 1.92 2.62 0 0 0 0
2002 06 17 17.914 30.05 18.46 2.18 1.47 0 0 0 0
2002 06 18 19.22 31.23 20.02 2.23 1.66 0 0 0 0
2002 06 19 18.748 29.91 21.58 2.2 3.08 0 0 0 0
2002 06 20 17.457 29.21 19.53 2.07 2.69 0 0 0 0
2002 06 21 18.212 29.98 16.74 1.86 1.98 0 0 0 0
2002 06 22 19.644 29.97 21.82 1.8 3.69 0 0 0 0
2002 06 23 18.648 26.91 17.4 1.89 4.14 0 0 0 0
2002 06 24 18.13 27.01 16.17 1.77 3.69 0 0 0 0
2002 06 25 19.565 28.52 18.35 1.75 3.49 0 0 0 0
2002 06 26 19.17 29.24 17.26 1.86 1.89 0.2 0 0 0
2002 06 27 18.744 31.39 18.02 2 1.18 0 0 0 0
2002 06 28 15.998 31.72 21.31 2.22 1.14 0 0 0 0
2002 06 29 17.951 33.48 21.15 2.26 1.01 0 0 0 0
2002 06 30 17.652 31.8 20.84 2.14 1.66 0 0 0 0
2002 07 01 16.458 30.85 19.48 2.06 1.69 0 0 0 0
2002 07 02 19.096 31.85 18.04 1.91 1.42 0 0 0 0
2002 07 03 16.39 31.36 18.67 1.98 1.57 0 0 0 0
2002 07 04 13.332 30.58 21.38 2.16 1.72 0 0 0 0
2002 07 05 18.385 29.65 20.82 2.13 3.11 0 0 0 0
2002 07 06 13.576 26.84 17.9 1.99 2.65 0 0 0 0
2002 07 07 15.524 26.78 20 2.01 3.3 0 0 0 0
2002 07 08 18.795 29.64 18.29 1.93 2.24 0 0 0 0
2002 07 09 17.566 30.83 19.38 2.03 1.62 0 0 0 0
2002 07 10 17.94 31.45 21.21 2.02 1.49 0 0 0 0
2002 07 11 18.986 32.23 20.81 1.98 2.13 0 0 0 0
2002 07 12 17.13 32.17 22.05 2.18 2.42 0 0 0 0
2002 07 13 18.074 29.44 21.82 1.98 3.46 0 0 0 0
2002 07 14 18.247 30.67 19.65 1.91 2.15 0 0 0 0
2002 07 15 16.116 32.01 19.48 2.09 1.17 0 0 0 0
2002 07 16 17.67 32.4 21.07 2.16 1.86 0 0 0 0
2002 07 17 15.408 32.21 23.06 2.14 2.36 0 0 0 0
2002 07 18 8.19 29.11 20.85 2.27 2.1 1.2 0 0 0
2002 07 19 8.407 26.86 20.3 2.26 1.94 0.2 0 0 0
2002 07 20 15.323 29.14 20 2.32 1.76 0 0 0 0
2002 07 21 18.052 30.84 20.16 2.25 3.09 0 0 0 0
2002 07 22 16.519 31.1 20.14 2.26 1.53 0 0 0 0
2002 07 23 20.168 32.44 21.22 2.25 1.91 0 0 0 0
2002 07 24 20.124 33.06 20.86 2.18 1.76 0 0 0 0
2002 07 25 16.25 33.27 21.54 2.27 1.65 0 0 0 0
2002 07 26 17.12 32.02 20.98 2.22 2.41 0.2 0 0 0
2002 07 27 13.499 29.22 20.55 2.28 2.06 0 0 0 0
2002 07 28 9.671 26.48 20.75 2.26 3.49 5.8 0 0 0
2002 07 29 20.399 30.66 18.73 2.08 2.03 0 0 0 0
2002 07 30 18.173 31.65 19.89 2.16 1.37 0.2 0 0 0
2002 07 31 12.708 31.5 21.34 2.28 1.41 0.2 0 0 0
2002 08 01 20.706 31.52 21.11 2.3 2.53 1.8 0 0 0
2002 08 02 18.966 31.28 20.36 2.32 2.43 6.4 0 0 0
2002 08 03 20.694 29.01 18.34 1.97 2.96 0 0 0 0
2002 08 04 20.171 31.23 19.41 2.14 1.63 0 0 0 0
2002 08 05 12.869 30.22 20.36 2.28 1.12 0 0 0 0
2002 08 06 15.659 32.37 20.39 2.34 1.12 0.6 0 0 0
2002 08 07 16.431 32.94 20.9 2.23 1.14 0 0 0 0
2002 08 08 18.136 33.36 21.23 2.23 1.41 0.2 0 0 0
2002 08 09 17.214 32.91 20.97 2.17 1.58 0 0 0 0
2002 08 10 19.409 33.86 21.55 2 1.76 0 0 0 0
2002 08 11 19.262 33.15 19.88 1.83 1.67 0 0 0 0
2002 08 12 16.929 32.78 18.73 1.81 1.17 0 0 0 0
2002 08 13 17.179 32.73 19.78 1.94 1.75 0.2 0 0 0
2002 08 14 15.139 32.39 20.8 2.11 1 0 0 0 0
2002 08 15 16.182 33.01 20.98 2.15 1.38 0 0 0 0
2002 08 16 17.157 33.72 21.23 2.17 1.37 0 0 0 0
2002 08 17 16.498 32.13 22.93 2.23 2.49 0 0 0 0
2002 08 18 20.539 33.03 20.43 2.1 2.23 0 0 0 0
2002 08 19 18.177 32.98 20.63 2.18 2.31 1.8 0 0 0
2002 08 20 17.04 32.22 20.44 2.29 1.8 0 0 0 0
2002 08 21 11.814 31.48 21.34 2.28 2.2 20.6 0 0 0
2002 08 22 15.023 29.34 20.94 2.33 1.97 3.6 0 0 0
2002 08 23 17.481 30.74 20.73 2.42 1.69 0.2 0 0 0
2002 08 24 18.381 32.57 21.34 2.41 1.4 0 0 0 0
2002 08 25 14.461 32.17 22.28 2.52 1.01 0.4 0 0 0
2002 08 26 15.216 33.59 22.66 2.5 1.06 0 0 0 0
2002 08 27 16.657 31.31 21.66 2.33 2.03 0 0 0 0
2002 08 28 17.741 31.5 21.52 2.27 2.63 0.2 0 0 0
2002 08 29 15.189 31.9 21.95 2.4 1.6 0 0 0 0
2002 08 30 6.882 24.99 20.91 2.39 3.21 9.6 0 0 0
2002 08 31 12.499 26.61 21.3 2.29 2.98 0 0 0 0
2002 09 01 20.682 28.11 22.45 2.01 4.57 0 0 0 0
2002 09 02 22.646 27.19 18.6 1.28 4.03 0 0 0 0
2002 09 03 21.598 30.87 17.27 1.56 1.2 0 0 0 0
2002 09 04 21.172 33.3 18.38 1.9 2.33 0 0 0 0
2002 09 05 18.921 33.07 20.7 2.1 4.89 0 0 0 0
2002 09 06 18.653 32.89 21.6 2.29 3.79 0 0 0 0
2002 09 07 14.844 32.51 20.93 2.33 2.58 7 0 0 0
2002 09 08 14.631 28.86 20.87 2.37 1.83 0.2 0 0 0
2002 09 09 16.715 31.11 21.08 2.37 1.9 0 0 0 0
2002 09 10 18.031 31.6966666666667 21.1033333333333 2.33333333333333 2.91 0.0666666666666667 0 5 1
2002 09 11 19.347 32.2833333333333 21.1266666666667 2.29666666666667 2.8 0.133333333333333 0 5 1
2002 09 12 20.663 32.87 21.15 2.26 2.07 0.2 0 0 0
2002 09 13 17.187 32.37 22.12 2.37 1.51 3 0 0 0
2002 09 14 15.363 31.72 22.24 2.35 2.15 2.4 0 0 0
2002 09 15 21.447 33.16 21.41 2.33 1.73 0.2 0 0 0
2002 09 16 18.199 33.15 22.16 2.46 1.61 0.2 0 0 0
2002 09 17 14.846 31.2 22.95 2.52 1.78 0 0 0 0
2002 09 18 17.036 32.83 21.87 2.38 1.73 0 0 2 1
2002 09 19 19.226 33.17 21.78 2.26 2.21 0 0 0 0
2002 09 20 21.796 34.11 22 2.08 2.22 0.2 0 0 0
2002 09 21 15.274 32.42 21.84 2.24 1.76 0 0 0 0
2002 09 22 16.353 32.37 21.2625 2.1825 2.29 0.05 0 5 1
2002 09 23 17.432 32.32 20.685 2.125 1.49 0.1 0 5 1
2002 09 24 18.511 32.27 20.1075 2.0675 2.34 0.15 0 5 1
2002 09 25 19.59 32.22 19.53 2.01 1.58 0.2 0 0 0
2002 09 26 15.538 32.41 21.45 2.22 1.58 10 0 0 0
2002 09 27 17.002 32 21 2.22 1.98 21 0 3 0
2002 09 28 11.309 31.59 20.55 2.22 2 32.9 0 3 0
2002 09 29 21.71 31.18 20.1 2.22 2.08 0 0 0 0
2002 09 30 18.857 30.03 22.43 2.31 2.65 0 0 0 0
2002 10 01 24.086 32.38 20.98 2.22 1.94 0.2 0 0 0
2002 10 02 22.281 32.4266666666667 21.3 2.25666666666667 2.15 2.46666666666667 0 5 1
2002 10 03 20.476 32.4733333333333 21.62 2.29333333333333 2.11 4.73333333333333 0 5 1
2002 10 04 18.671 32.52 21.94 2.33 2.52 7 0 0 0
2002 10 05 17.291 32.75 21.42 2.39 1.39 0.2 0 0 0
2002 10 06 17.05 33.28 22.88 2.39 1.43 0 0 0 0
2002 10 07 18.588 32.2 23.88 2.41 2.98 0 0 0 0
